%YAML:1.0
---
R: !!opencv-matrix
   rows: 3
   cols: 3
   dt: d
   data: [ 9.9524539282892244e-01, 9.1518804948504326e-02,
       3.3330412442716020e-02, -9.6001477755886924e-02,
       9.7950396648112892e-01, 1.7707539613515313e-01,
       -1.6441542552020127e-02, -1.7943324103558148e-01,
       9.8363275041550802e-01 ]
T: !!opencv-matrix
   rows: 3
   cols: 1
   dt: d
   data: [ -1.2111256772064834e+01, -9.0769962620774329e+00,
       -3.5739538088683418e+01 ]
R1: !!opencv-matrix
   rows: 3
   cols: 3
   dt: d
   data: [ 2.7297207766513049e-01, 9.2406457703793743e-02,
       9.5757364802390987e-01, -2.0967024997442152e-01,
       9.7716236308744475e-01, -3.4526836533693428e-02,
       -9.3889543139310527e-01, -1.9134984384628534e-01,
       2.8611292555415357e-01 ]
R2: !!opencv-matrix
   rows: 3
   cols: 3
   dt: d
   data: [ 3.1204745587864857e-01, 2.3386950205980644e-01,
       9.2083192890231647e-01, -1.2039541229192265e-01,
       9.7114921112271857e-01, -2.0584983467270362e-01,
       -9.4240719966409447e-01, -4.6629022529103267e-02,
       3.3120145573239790e-01 ]
P1: !!opencv-matrix
   rows: 3
   cols: 4
   dt: d
   data: [ .Nan, 0., .Nan, 0., 0., .Nan, .Nan, 0., 0., 0., 1., 0. ]
P2: !!opencv-matrix
   rows: 3
   cols: 4
   dt: d
   data: [ .Nan, 0., .Nan, .Nan, 0., .Nan, .Nan, 0., 0., 0., 1., 0. ]
Q: !!opencv-matrix
   rows: 4
   cols: 4
   dt: d
   data: [ 1., 0., 0., .Nan, 0., 1., 0., .Nan, 0., 0., 0., .Nan, 0., 0.,
       2.5765076387315969e-02, .Nan ]
