%YAML:1.0
---
R: !!opencv-matrix
   rows: 3
   cols: 3
   dt: d
   data: [ 9.9917091054378404e-01, -2.7353827919509759e-03,
       -4.0620305317501812e-02, 3.9717550410313012e-03,
       9.9953029125689774e-01, 3.0387859776484848e-02,
       4.0518103176229878e-02, -3.0523999424760213e-02,
       9.9871245550164123e-01 ]
T: !!opencv-matrix
   rows: 3
   cols: 1
   dt: d
   data: [ 3.7732088792368640e-01, -2.3973687375557642e-01,
       -5.3954858512441195e+00 ]
R1: !!opencv-matrix
   rows: 3
   cols: 3
   dt: d
   data: [ 2.9080492850222784e-02, -1.4031205172067083e-02,
       -9.9947858917387900e-01, 3.0445555720393477e-02,
       9.9944998769350901e-01, -1.3144970000767022e-02,
       9.9911330342082061e-01, -3.0047418871909905e-02,
       2.9491686060166774e-02 ]
R2: !!opencv-matrix
   rows: 3
   cols: 3
   dt: d
   data: [ 6.9693888687944253e-02, -4.4281129215661380e-02,
       -9.9658514110683916e-01, 2.8220388028225254e-02,
       9.9870201208025611e-01, -4.2401659948456877e-02,
       9.9716917901582236e-01, -2.5168882816566811e-02,
       7.0853057511141265e-02 ]
P1: !!opencv-matrix
   rows: 3
   cols: 4
   dt: d
   data: [ 7.3980850610629501e-01, 0., 3.1812492896616459e+02, 0., 0.,
       7.3980850610629501e-01, 2.3845763993263245e+02, 0., 0., 0., 1.,
       0. ]
P2: !!opencv-matrix
   rows: 3
   cols: 4
   dt: d
   data: [ 7.3980850610629501e-01, 0., 3.1812492896616459e+02,
       4.0053038748835217e+00, 0., 7.3980850610629501e-01,
       2.3845763993263245e+02, 0., 0., 0., 1., 0. ]
Q: !!opencv-matrix
   rows: 4
   cols: 4
   dt: d
   data: [ 1., 0., 0., -3.1812492896616459e+02, 0., 1., 0.,
       -2.3845763993263245e+02, 0., 0., 0., 7.3980850610629501e-01, 0.,
       0., -1.8470721054287281e-01, 0. ]
