%YAML:1.0
---
R: !!opencv-matrix
   rows: 3
   cols: 3
   dt: d
   data: [ 9.9867603288154405e-01, 1.5794155678306803e-03,
       5.1416794867486904e-02, 1.2976431321569729e-04,
       9.9944800959353697e-01, -3.3221367833671758e-02,
       -5.1440883635530107e-02, 3.3184055900103579e-02,
       9.9812456834045249e-01 ]
T: !!opencv-matrix
   rows: 3
   cols: 1
   dt: d
   data: [ -1.6673759885667823e+02, 1.8853842263895686e+01,
       8.8372144256869056e+00 ]
R1: !!opencv-matrix
   rows: 3
   cols: 3
   dt: d
   data: [ 9.9366959188175674e-01, -1.1231945331591763e-01,
       2.2544569981663223e-03, 1.1234072428841295e-01,
       9.9355599352558310e-01, -1.5034939166700050e-02,
       -5.5121311483201374e-04, 1.5193029197792961e-02,
       9.9988442733542804e-01 ]
R2: !!opencv-matrix
   rows: 3
   cols: 3
   dt: d
   data: [ 9.9229252387537070e-01, -1.1220340734827552e-01,
       -5.2592227947520803e-02, 1.1298817828409793e-01,
       9.9352161921022053e-01, 1.2184569337596554e-02,
       5.0884365271544219e-02, -1.8032957088030540e-02,
       9.9854173364440468e-01 ]
P1: !!opencv-matrix
   rows: 3
   cols: 4
   dt: d
   data: [ 3.0337926701649963e+02, 0., 3.3549998855590820e+02, 0., 0.,
       3.0337926701649963e+02, 2.4086820030212402e+02, 0., 0., 0., 1.,
       0. ]
P2: !!opencv-matrix
   rows: 3
   cols: 4
   dt: d
   data: [ 3.0337926701649963e+02, 0., 3.3549998855590820e+02,
       -5.0977639464291169e+04, 0., 3.0337926701649963e+02,
       2.4086820030212402e+02, 0., 0., 0., 1., 0. ]
Q: !!opencv-matrix
   rows: 4
   cols: 4
   dt: d
   data: [ 1., 0., 0., -3.3549998855590820e+02, 0., 1., 0.,
       -2.4086820030212402e+02, 0., 0., 0., 3.0337926701649963e+02, 0.,
       0., 5.9512223438476543e-03, 0. ]
