%YAML:1.0
---
M1: !!opencv-matrix
   rows: 3
   cols: 3
   dt: d
   data: [ 6.2894217676828293e+02, 0., 3.1502118033473937e+02, 0.,
       6.6285512169267531e+02, 1.9870939546166392e+02, 0., 0., 1. ]
D1: !!opencv-matrix
   rows: 1
   cols: 14
   dt: d
   data: [ -1.3960805222855279e+00, -4.1673903527453220e+00, 0., 0., 0.,
       0., 0., -6.2957975063030489e+01, 0., 0., 0., 0., 0., 0. ]
M2: !!opencv-matrix
   rows: 3
   cols: 3
   dt: d
   data: [ 6.2894217676828293e+02, 0., 2.5003092135609359e+02, 0.,
       6.6285512169267531e+02, 1.8940178307615636e+02, 0., 0., 1. ]
D2: !!opencv-matrix
   rows: 1
   cols: 14
   dt: d
   data: [ -6.6993865807442736e+00, 1.6510087092398411e+01, 0., 0., 0.,
       0., 0., 3.3660567186560463e+01, 0., 0., 0., 0., 0., 0. ]
