%YAML:1.0
---
M1: !!opencv-matrix
   rows: 3
   cols: 3
   dt: d
   data: [ 7.2119046327608487e+02, 0., 3.3695728410108882e+02, 0.,
       7.6966441788879251e+02, 2.4242141131387069e+02, 0., 0., 1. ]
D1: !!opencv-matrix
   rows: 1
   cols: 14
   dt: d
   data: [ 5.4290159668181328e+00, -2.8478475113176745e+02, 0., 0., 0.,
       0., 0., -4.7506576754504940e+03, 0., 0., 0., 0., 0., 0. ]
M2: !!opencv-matrix
   rows: 3
   cols: 3
   dt: d
   data: [ 7.2119046327608487e+02, 0., 2.7417791727398480e+02, 0.,
       7.6966441788879251e+02, 2.2668958612643692e+02, 0., 0., 1. ]
D2: !!opencv-matrix
   rows: 1
   cols: 14
   dt: d
   data: [ -3.5192181610858517e+00, 1.1684901539639051e+02, 0., 0., 0.,
       0., 0., 1.0871859907533446e+03, 0., 0., 0., 0., 0., 0. ]
