%YAML:1.0
---
M1: !!opencv-matrix
   rows: 3
   cols: 3
   dt: d
   data: [ 4.3950780083827385e+02, 0., 3.2989115182182348e+02, 0.,
       3.5863662815051788e+02, 2.3923500203778462e+02, 0., 0., 1. ]
D1: !!opencv-matrix
   rows: 1
   cols: 14
   dt: d
   data: [ 5.1808724671930841e-03, 1.2807679651717813e-01, 0., 0., 0.,
       0., 0., 1.5368077221832718e-01, 0., 0., 0., 0., 0., 0. ]
M2: !!opencv-matrix
   rows: 3
   cols: 3
   dt: d
   data: [ 4.3950780083827385e+02, 0., 3.2508868842734637e+02, 0.,
       3.5863662815051788e+02, 2.4068774983724873e+02, 0., 0., 1. ]
D2: !!opencv-matrix
   rows: 1
   cols: 14
   dt: d
   data: [ 1.0105875575452346e-01, -4.1171005007280842e-01, 0., 0., 0.,
       0., 0., -5.1108115797726195e-01, 0., 0., 0., 0., 0., 0. ]
